0 0
1 169
3328 3160
3329 0
3330 169
65535 3161
65536 1
11075584 169
818142 2641
4310922 826
58312 888
844690 1761
3573339 375
492486 1805
134487 1220
625152 1544
489632 2184
365435 2236
3922666 152
560472 3060
463398 2866
6635727 962
603911 477
5666474 650
329672 424
171950 709
1242600 2751
2035176 2451
1306260 1963
1126916 43
2897322 1453
2066820 584
1005204 606
6118824 644
1172725 1839
894957 1276
749412 2152
563884 442
2137005 622
5663938 1507
3811927 899
4093338 1264
4572986 626
2748736 1066
1247859 2679
2394208 1176
9144422 2293
334665 2004
2890608 1976
4360077 2166
4199722 231
2167002 48
745706 1690
1012368 2895
1155600 615
4344501 3061
1245244 172
276320 2197
867629 167
7154335 3131
7585504 2211
1790005 1286
4082598 509
4950756 194
7752000 3327
524908 1589
423215 3099
5541555 1857
723520 710
742512 1202
3642964 2314
6272550 822
5091750 2527
3419275 2997
4326040 2425
130732 2464
2751405 2712
1721376 1221
968538 2650
215213 1672
3702842 1536
1599696 534
1651806 1919
3254833 2791
224730 2138
3025155 20
2560500 1106
987280 840
2568420 1328
4920993 366
4107324 1308
1472310 943
209502 1923
446299 2707
2562150 320
46795 1980
4792218 2393
802696 2203
18464 1143
1022736 704
3309768 2225
5790543 2269
670770 1022
5969908 1080
6782778 1596
8390070 860
413270 210
8901678 1824
7483720 1658
2619410 3186
2637276 3137
836128 2898
4260720 2309
198120 2527
235125 1181
1197856 1174
626400 2729
528900 450
0 0
1436699 1516
911755 501
3741857 322
29952 1808
2140265 2277
936928 276
2683734 1428
3506652 2266
2895522 192
237416 2196
3814092 594
3896627 499
448227 2297
246620 3029
4307210 2679
3286688 3293
5554640 2766
1397354 224
78960 1608
3203403 3140
1695600 2738
244640 1309
6716115 885
3212260 1923
1060572 3308
2269487 2555
1027368 1197
4602416 770
1989072 735
7077638 1135
2779650 2331
2379278 1388
8344053 531
10029274 272
2637499 876
1608180 2860
9968700 3270
759104 2232
4278160 175
4359264 1258
13452 3010
3701984 3010
2051974 1676
2248948 282
3493980 1245
6062441 2844
4237191 734
491197 349
377454 2757
1788325 331
1113315 1813
1653912 1630
6387444 3180
13741 1916
3767666 1053
8626350 825
938635 2465
781181 1436
9336456 1618
2506752 2535
1431298 893
5743264 1718
3544044 3072
1164400 3081
4791676 678
3118668 954
1056268 1654
1929200 2527
361920 763
69328 1681
4610614 1368
8871858 2350
1497990 3176
4738480 2183
3863020 190
1433586 1401
1203320 2457
5046 550
9740150 1378
1117620 307
6616764 2042
1012320 1441
688608 2899
117534 2432
1044329 1337
2021220 819
7513456 252
1417770 1684
3824964 354
133464 1441
4390470 1936
5089588 10
5055124 1344
3536988 2390
1165230 204
1331424 217
158916 1761
5730360 1437
1869000 2151
50848 1163
2006349 1015
408195 1417
4915365 1328
1461240 1011
574308 1057
3729990 2186
4613279 2338
4495400 1523
10214160 12
995596 1406
235944 3103
887922 814
544036 1762
831600 7
4259600 2782
354768 502
470085 1109
3343164 165
5137740 1622
1711152 1116
3219995 841
3854012 2520
7220304 3071
4070682 750
2903082 2825
2278009 1316
1899239 2527
1028313 1110
849588 602
2908670 1761
384318 952
2707765 1287
524446 78
2388282 1711
3981640 3061
1594182 788
1853656 2306
7125040 2499
876915 1542
582232 1955
1721585 3252
1177330 1098
3253845 2269
1821510 2560
605476 1971
5111931 891
3491594 820
2396025 1981
1169460 2668
491608 3228
4429586 1146
109336 1834
4261182 491
5195520 2485
116476 67
2875483 2523
3091550 2045
551774 1187
1491798 2034
401544 2600
373928 2754
180306 1377
2370170 134
3426165 2257
916370 1450
2931312 3238
1015482 3179
4631276 1125
4732425 891
3840252 722
418338 1149
769625 2595
2113500 3103
515632 1904
74868 2492
940476 668
3502961 1010
854413 422
247520 1995
539334 2755
87326 637
3146085 459
1876967 329
1346834 1229
379808 1103
2836256 1199
296128 775
220832 2518
612066 466
3288275 1847
2716575 2114
2621730 2444
2166275 358
5638144 3311
806624 235
4676511 2456
75850 2000
9362 903
225150 3209
4674247 2675
1634256 2108
1955664 767
796485 1179
7176752 3202
4759530 932
4532372 1258
3340750 1666
3548160 2915
828140 1171
1140639 2246
8638590 2076
1489488 1137
2357911 2330
117882 1322
16762 3128
7770074 1811
1845144 1906
150968 136
942504 513
3232320 3141
3168884 1837
2432384 1318
3404400 2517
347985 2680
489555 2487
2010426 925
15092 534
2008377 860
2968000 1583
141141 544
1130164 2999
1093540 2154
5492 2686
536109 357
2220048 3154
5532533 1821
836168 3000
6570993 10
7440 2327
397094 2904
963604 1054
408510 1388
148396 1567
1528842 621
2457787 15
829708 3172
6661358 1572
1710055 2147
9414652 612
3896585 59
4178550 838
5972824 1192
711756 7
7515844 1015
1559328 2792
524112 225
5397469 2958
5282790 316
9548946 2505
1179900 2658
6613035 1022
4807320 1288
214175 2687
6723912 294
9519684 792
7940683 2263
2477653 1737
44196 2177
93195 456
3853493 1363
661518 2064
4226376 620
532197 1700
197505 1791
6066688 1523
2006004 2632
14040 2512
6112557 143
879368 3303
4515520 2894
1015200 2127
581580 1624
9213918 2405
2002080 1947
1007456 1688
1044607 1713
9253726 2048
793800 158
8065860 1381
3813355 2543
491724 2858
5493600 248
3693816 824
482657 1875
6819512 1057
257404 1233
1480968 2714
1412320 2767
8121392 1838
3536148 248
5914800 2370
27846 2097
489800 615
2187900 3070
1120064 547
2525985 479
5547835 1226
3457473 199
2472435 2080
3630924 1573
6001220 3027
1090765 2568
1041216 1222
679887 468
84206 2668
588127 2839
3818000 1904
1742400 2234
741317 2316
726205 1731
214020 3124
6568906 181
1577984 3093
1341753 1422
5388721 2622
527845 1921
4305600 238
1930933 2452
3213474 691
65751 3046
28182 2288
5152186 2839
2051760 2129
1715328 1112
2399232 1337
1992760 1484
671715 935
9303 919
4258875 101
800821 1583
2338920 2007
145440 1353
1230919 2759
405384 2405
2571182 2046
752856 1613
2589181 1171
3488065 310
226353 118
87776 120
3169159 1706
1583400 2922
1110848 1015
3736312 1995
1003884 569
4840814 2474
5632680 2028
392350 128
8059496 1132
3716622 56
1873417 2928
972510 1460
605798 3125
3104972 3314
7760476 972
1496313 2728
2329936 1735
450600 525
364179 3028
3285866 864
1623678 2099
1276293 949
9156675 2412
2846745 2812
4466818 1544
1203664 671
4516078 655
4423485 2067
335650 2019
1743708 243
261257 3235
6816250 2393
4589144 1548
1671355 3
4237567 1027
3225250 93
1280753 2335
787212 2001
265265 1471
11474113 2571
3056618 854
10713518 1364
8023756 3207
12358276 624
8669041 1661
6782754 869
673830 2167
13850654 808
12845907 868
13887628 881
7046596 1541
12645518 1044
9067744 179
11348212 941
2082371 2122
16715002 2401
9311903 95
12084468 172
4223623 1423
7246520 2676
3107078 3025
9093951 1592
8336721 3140
12903717 143
13413623 3092
14960525 3160
14490034 17
10469520 2025
731839 1783
4269701 2074
1081912 1132
14267340 2405
15880248 2008
16435778 2120
5995 1139
2454100 2764
13137267 1469
15708554 1286
15064276 3236
8337111 2470
3658976 1865
7509495 3301
5180079 2892
5102563 2303
3653755 1701
15345282 1736
2852240 2676
1326952 132
45836 3030
4216173 735
7803983 3223
1261369 2175
10193241 99
4293854 2577
8448802 2819
14677732 2267
3762548 1651
3336813 2113
2360618 411
10078049 643
6432443 1246
13021869 489
8753743 1599
7502201 2345
38655 1197
351034 1966
10117375 2053
15458212 1749
9348387 583
10615180 610
8132171 2526
15948563 2271
7877510 2129
8289903 602
982502 2305
13818055 1072
10314559 2859
1855852 582
731063 470
6513426 1854
16720517 2316
14093394 601
2720998 576
8632083 963
7645058 3270
14237897 64
12422455 993
7609677 2765
16540437 2514
1144119 1133
11343128 627
14111546 2280
12157438 1486
13299574 392
6646449 2004
226608 3265
9801625 844
2262657 119
6885993 971
16632784 2805
6724771 2318
10459444 300
6507320 1930
7744658 917
15606638 1728
7430387 3313
8892661 2633
9896304 2421
3657703 3113
16635103 1894
6285188 2755
7493514 2331
16275669 1811
13993173 1204
1893042 540
4911800 1392
13202326 753
1823964 1161
7145385 1947
792848 2391
4761745 2419
13938005 2341
1739479 1277
2017804 2761
6177532 1876
13197686 2237
15087480 3150
10542801 2634
3798548 239
2662919 2446
5557746 1698
11047553 97
6398277 3007
6224756 3119
15690583 235
1070174 1494
10463182 2841
12704359 1450
12545452 1210
11129920 1571
14845660 2374
5679454 459
3656011 130
96325 115
2625366 1063
9388745 3293
2709955 1878
11793270 317
14099007 433
4150961 2226
6959270 904
12755035 177
11966490 2600
10358226 2189
14510591 2003
2944745 3037
1652801 295
15886817 283
6567133 154
12506219 2201
14976936 233
6476884 1551
10848456 2236
12222163 917
15922730 813
1016097 586
13784222 2517
8321936 1225
13581915 1464
1363970 983
12601959 3321
1169519 2652
15570954 3280
2099834 546
2080505 3023
8624024 553
6541149 3138
2108954 499
11377285 674
12179396 553
9137363 1104
11239758 1689
1462488 2196
8797048 3002
10619428 2787
9248619 1176
9979285 1133
126554 2130
2192181 837
813919 1360
7847249 1364
3599094 1967
15944698 1570
15627772 1357
12969284 2054
8423733 646
14426328 3018
16558234 791
4452917 2549
16661138 871
6138422 351
292097 1981
10177555 2378
5077296 3287
7923627 2713
10999136 306
10722277 230
15461251 2674
12141954 1284
2651299 2776
6620685 2220
13142781 1215
5366608 663
8298263 1946
13682046 2296
2172079 2508
1136277 777
16162831 701
10930636 2068
5391941 846
14312786 2776
3530644 2192
2421457 2250
8888277 775
2821343 955
6990765 488
3235404 1684
14128438 746
16726054 2620
14997593 2474
5811354 575
7858323 1972
4460429 399
13986850 1226
15466035 2223
7883053 118
4065613 2971
9862433 773
9857693 2002
9375004 1377
8981376 1652
12514831 2856
8524721 3164
8735394 3246
6683710 645
14743742 2478
8302343 2363
6232280 2997
8232254 1904
7902203 680
5144639 2403
9440676 1059
6316626 2693
10950083 2888
2174464 2764
13289890 1664
8444098 145
8252686 2739
7763856 2933
3373644 1322
15566427 558
1242290 296
3433706 1679
150729 3022
15930394 1048
7754884 1360
15042356 604
12545206 2913
1354319 1174
9854180 867
7814581 3283
4000246 1570
1690846 1601
6361020 1713
6514982 1827
2520494 1291
12490199 1298
5964602 3196
15069760 1241
8722414 108
212719 2969
3549389 889
11733972 2574
7302968 1474
1256764 2916
12371806 171
11409062 1310
4743572 520
1481982 972
6844313 1215
8553483 273
1282987 375
6826373 2074
381843 2131
10980662 802
13723591 2540
12475848 2820
6212438 2002
10475550 2421
2615056 3069
6825232 2327
1055843 3067
16630423 3276
16223803 1714
2123025 1592
13695914 2372
3402008 1078
13263956 3111
5185910 2947
3058573 1678
5492502 1110
13347017 2027
9098850 602
13750234 1070
9506010 212
10321201 155
14020564 2973
1723378 1
10481125 2489
11985029 3102
13894220 3043
13973588 365
611132 2412
12206477 3196
6616987 3110
13110760 2620
13588653 1668
6833936 1885
197185 975
14568134 2761
5253512 2557
14218851 433
3809746 1829
3036274 1575
13630403 3267
12238211 3223
15465446 2552
5454091 1201
4361240 2302
497759 770
1734609 510
4781399 1603
13311685 3145
2987388 2419
12443447 3256
5760814 1529
4895149 378
11675094 2573
9505803 1848
5429601 338
5764158 735
2251393 691
3650482 1178
12876001 42
16458772 3163
6621688 1948
10120529 2439
4249680 789
1459528 1306
16197948 3196
10553740 401
1790952 1537
13015602 3317
2895560 3285
5377975 853
7451603 155
13572249 2449
6580458 1675
15869743 1020
6139304 2933
7319459 2080
1399641 563
13413235 771
5250560 3019
12870687 806
12053009 14
4129097 2400
5015285 3120
8289920 146
6462439 503
1379054 165
1279386 1013
10878440 2794
3950397 2788
13080742 2974
15291878 1379
10274841 1781
14095272 1728
10341865 250
8363739 1794
14285458 1667
13059789 644
12329576 677
14991764 2757
14708672 1268
5998321 2459
784344 14
117712 2553
16424948 2800
15611975 1522
7893711 331
14992753 119
15377628 1992
6025336 606
15878589 1273
13433260 2732
3592876 3089
2252195 3069
4310264 2810
12031782 1313
14448505 2477
12258518 2907
3077382 1204
14829956 1611
1367906 367
1364042 3164
4371168 2318
2759550 1011
10526892 516
2683279 1100
1820828 488
12678965 945
4569634 68
867599 1755
2227365 1339
3677164 2970
6499738 2237
4416349 1181
16504417 546
9659703 1471
5540223 3121
7419783 2239
2198359 2942
11774162 195
8463124 3054
5327351 927
10866233 462
9227220 39
15314338 2059
4817486 1578
8528241 2153
16109737 2799
6990171 3301
8820375 400
7965794 1547
10706464 1020
12491206 1702
1235912 1010
6675390 2732
6110140 1137
13538054 2638
5409959 3182
9334781 1508
10999959 2904
12644680 2569
5662043 836
8869807 1947
3861400 2717
1629791 3206
12072184 1472
15201452 2824
3510088 375
8456776 2180
13229049 2816
12464338 1766
8883674 1854
12607734 570
12379722 3046
4905505 2817
12088030 2930
11100774 2817
2730845 219
14840508 555
7719106 342
5930949 1771
1620392 2708
9944976 2030
8511165 2552
10404304 2840
10490753 1740
60094 2436
1133910 234
7436920 2162
5011849 1682
9763387 211
14503328 2957
14015248 70
12217134 3240
1603108 1245
4429966 2115
16387800 3282
7625568 1841
1529535 1223
747912 1656
1825127 1297
87761 914
11910567 2644
10191782 3203
3568938 2302
11984017 1853
7524882 426
13865981 1109
10105084 2170
4487123 890
6851290 1862
12288791 2371
15935060 629
5322519 3253
4521416 618
473520 2378
8173465 299
5010115 1588
15128119 85
3214671 3244
2136365 2319
4855045 646
9051648 3077
13487300 716
8866417 1625
385743 2089
1883429 495
11755214 481
14889921 2220
16537357 1318
8338176 2689
5539808 2895
13407 2063
1476461 43
2064554 465
846418 841
13622721 3319
6229644 270
7974841 2479
5342423 1410
1958880 1644
3520458 1851
414400 1427
6618885 959
4773673 877
13863962 2785
6694722 762
13933293 1644
5859928 267
10381153 1896
2139671 1761
10075260 2020
1627080 1120
16036510 1329
213050 2315
12588238 1456
14651457 2678
15611721 1873
2700412 347
15182952 2255
5885169 1547
7581570 3165
3532667 1192
8772025 1945
7794583 2556
1302501 2531
4136138 547
11258050 396
8834832 147
1762711 2594
8925066 2873
14631501 2391
8901864 3297
9919260 371
7281161 1294
2866256 1132
510957 802
5696521 1868
8736522 796
7922513 871
6804046 568
5341406 2645
10967984 2096
6440336 234
13042848 555
11024433 1063
8025138 406
12732193 1519
15753569 2056
15842406 1719
214134 2416
889755 994
14670467 2883
7845981 128
10326404 606
7112402 566
13138675 3062
2610613 1227
5756130 2235
4851800 1526
1104397 2708
902699 1377
3754507 954
3579532 1686
5429484 539
11571704 255
4759413 1133
964107 2836
1035820 1444
1397523 2153
4644006 1961
1430973 2561
2275919 980
1566625 926
2206716 450
12193885 2379
6687807 606
2212861 307
12879622 2784
3594212 2501
8273764 2891
6902932 722
6816933 1305
3757080 3021
1136174 15
1155172 1521
2934996 3311
9642372 2052
16009334 2605
3351319 154
4451120 1795
3283697 493
6878438 2512
9880417 692
10708523 2775
11291596 383
14219206 506
8763062 1893
701907 26
11774277 2985
8613498 2674
9482255 391
1624304 1365
12348846 1545
10765207 1509
15974687 2973
9651890 2687
1039561 1163
13855327 1572
1048519 370
14644817 2391
3298384 2491
11636061 745
15735071 1825
1614541 2602
7267026 2701
3049746 1307
9633802 1837
5716710 1584
14631661 2799
43589 2793
6779175 1896
9674905 621
1810748 1416
146353 2516
11670354 473
16469286 2343
3210790 3168
16491469 2816
6191436 1378
16595406 1036
11649618 1526
8743448 2811
5331643 553
9520390 262
7204617 1852
7768775 1994
16720697 2775
5563023 1339
3688411 2854
2713969 1128
16451459 2325
3508381 1515
10960361 2132
11932528 2218
3192652 526
13464405 3088
13240560 710
2891482 3206
14164332 1394
844700 122
12480570 1878
6916131 923
10171725 2492
8831372 1311
14363338 521
5741323 3260
12727368 1699
7837495 793
15465506 2705
4257403 1008
1136962 27
11693231 1717
10960897 2833
5211900 977
15109781 262
10849285 2519
5689171 1435
15540974 69
14723618 431
8630632 2090
7751894 2058
4229772 1956
11208983 612
15502750 1802
7983955 1418
6428149 1282
8975232 1964
10116919 1556
5187325 2394
5234012 2767
8307440 1545
10957621 1803
11698151 947
5399725 1387
7925994 3256
11008372 3218
6350961 2861
8680134 2151
3416061 2458
5523110 596
3410405 2017
6557611 2172
12892716 1885
5065380 199
4976764 1266
10136971 1422
9979235 2670
14593594 1104
9187893 1789
6583075 1191
3666797 2001
3585952 1412
9422232 3296
6927109 1952
13030568 2531
15566449 947
1138555 2924
423366 1986
13388927 705
14647450 1282
7464256 1294
9939268 2788
15545072 199
742133 402
4758438 2808
8630654 2479
13579927 1721
185141 2887
8129710 2742
14429357 2253
14131610 845
7669355 1477
7670749 704
6090295 2964
4167980 2181
15230447 2691
14513259 151
10503016 220
8717712 1101
3283865 2253
14078782 1291
8133464 1329
13426200 1374
5249872 3262
8390654 3015
14212981 445
16198187 310
15273792 867
659589 2305
13735327 1840
6142543 1039
11007651 1213
356754 3236
13042890 995
16436308 1807
3569521 959
1279951 3286
8429648 1581
7310889 1865
5396982 551
6704562 2551
11683904 71
3391916 3307
15327150 108
6878051 360
15963035 1224
540442 254
12412250 770
11504198 224
13769015 2522
15331341 2639
7049430 1111
6167393 2820
13169880 242
4106882 3177
11927694 877
1899795 3279
8471075 1857
9205900 2266
12812313 2756
13411175 2176
2063726 351
446553 2356
2522788 2813
14045297 1626
14111217 3272
11815354 704
8897208 2077
3666106 1737
7530530 2844
10183615 1186
13437801 1162
7345507 3254
13152087 2641
15506058 1582
7113968 2229
5520823 257
4338560 1061
2311731 1086
6481777 2876
15742351 415
7582858 1123
4907787 2311
11849134 289
13867593 559
15706859 1125
9876489 2660
4199876 2954
15750504 66
11903306 607
7732750 2510
8973276 971
12621449 1421
8507697 2364
14297693 2073
6237424 135
16158773 673
90430 2560
9435898 2524
12011729 1278
8219736 277
10127407 3000
10748172 2179
16091029 368
16271188 205
14377848 2567
2866270 169
12161186 2388
5125545 1318
10172652 2692
12922170 2756
1914712 870
2861519 2868
10895153 970
4711099 2104
11581319 638
502841 746
385173 2300
7038024 988
2415905 2740
9831193 1007
8389499 902
3406175 2882
4789309 135
7839705 1435
6229832 2081
15165253 566
11624734 657
5122819 26
6997471 1942
13505132 1579
5634217 2119
3033515 1364
9967134 1607
6622655 2250
16591377 2580
7150475 3275
2637882 2352
14716509 779
3925218 1999
3973602 2871
8874956 3259
14060587 2332
7857634 2046
4675416 496
15879359 1572
16544909 2599
1961406 2426
16252781 2037
15673079 1540
4845959 3110
16487716 1069
8273402 1635
16716001 1453
5523609 1702
221686 368
5380701 2145
10760369 2821
15702145 90
16696903 3021
9959540 3215
15628374 3225
12581498 914
14287951 201
14053160 2202
2529881 3090
6057211 1159
12092186 2875
957291 2766
689871 3290
1539151 1775
11088256 1190
3153302 1718
16246095 634
16263012 3325
4848258 2148
1137394 3126
7159234 2141
13944938 2210
4258110 647
11361750 1840
3169729 1495
12286234 3008
11452510 248
15922702 2739
7070767 1757
9534527 2522
14602537 1105
11474117 3247
14173009 3047
8441354 2469
1768999 3315
9702205 327
9827516 2117
11917813 2146
16566839 263
13546920 2942
11197846 2673
9116670 2766
11569910 8
6829383 1427
16515255 1218
3957014 2517
11103036 2260
6452811 1252
10639908 1747
10040141 2516
4280562 3304
2938570 1439
1343891 3212
13384136 3302
13624077 2782
1667641 1518
13370840 24
10079966 1703
3640673 1299
208395 1264
1556814 709
6373355 2374
15940137 3089
2018257 2751
12617949 2483
4934234 1007
2785125 2144
7130363 3256
1324533 788
15363880 2222
5835261 2781
3401131 2670
6083356 2081
1240763 1895
14145589 3035
3375768 746
450517 3143
12377200 2940
4653859 2618
10379926 931
8657134 94
10134793 2859
6200064 1408
14152746 812
1148931 2085
10686317 1744
684243 923
14451057 995
1832670 1057
16702224 111
1321354 2835
3987841 2395
14128814 1039
13577749 3158
14981104 2206
2255490 652
474139 461